[1;4m[38;2;10;10;10m[48;2;81;81;81mO[0m[38;2;10;10;10m[48;2;81;81;81mrchestrator                          ×[38;2;46;46;46m[48;2;85;85;85m│[38;2;10;10;10m[48;2;81;81;81m [4mF[0m[38;2;10;10;10m[48;2;81;81;81mile   [4mE[0m[38;2;10;10;10m[48;2;81;81;81mdit   [4mV[0m[38;2;10;10;10m[48;2;81;81;81miew   [4mS[0m[38;2;10;10;10m[48;2;81;81;81melection   [4mG[0m[38;2;10;10;10m[48;2;81;81;81mo   LSP   [4mH[0m[38;2;10;10;10m[48;2;81;81;81melp
[1m[38;2;0;0;60m[48;2;77;79;81m[ + New ][0m[38;2;10;10;10m[48;2;77;79;81m                   [38;2;53;53;53m/ search[38;2;10;10;10m  ⋯[38;2;46;46;46m[48;2;85;85;85m│[1m[38;2;13;13;13m [No Name] × [0m[38;2;33;33;33m[48;2;66;66;66m [48;2;76;76;76m Welcome × [48;2;66;66;66m [48;2;76;76;76m + [48;2;66;66;66m
[38;2;53;53;53m[48;2;77;79;81m───────────────────────────────────────[38;2;46;46;46m[48;2;85;85;85m│[38;2;0;0;0m [38;2;38;38;38m 1 │ [38;2;0;0;0m                                                                                                                                                         [38;2;60;60;60m[48;2;60;60;60m
[38;2;0;0;0m[48;2;69;75;81m  [1m[38;2;53;53;53m· [38;2;0;0;60mlocal-proj[0m[38;2;0;0;0m[48;2;69;75;81m                         [38;2;46;46;46m[48;2;85;85;85m│[38;2;19;19;19m~                                                                                                                                                              [38;2;60;60;60m[48;2;60;60;60m
[38;2;10;10;10m[48;2;77;79;81m                                       [38;2;46;46;46m[48;2;85;85;85m│[38;2;19;19;19m~                                                                                                                                                              [38;2;60;60;60m[48;2;60;60;60m
[38;2;10;10;10m[48;2;77;79;81m                                       [38;2;46;46;46m[48;2;85;85;85m│[38;2;19;19;19m~                                                                                                                                                              [38;2;60;60;60m[48;2;60;60;60m
[38;2;10;10;10m[48;2;77;79;81m                                       [38;2;46;46;46m[48;2;85;85;85m│[38;2;19;19;19m~                                                                                                                                                              [38;2;60;60;60m[48;2;60;60;60m
[38;2;10;10;10m[48;2;77;79;81m                                       [38;2;46;46;46m[48;2;85;85;85m│[38;2;19;19;19m~                                                                                                                                                              [38;2;60;60;60m[48;2;60;60;60m
[38;2;10;10;10m[48;2;77;79;81m                                       [38;2;46;46;46m[48;2;85;85;85m│[38;2;19;19;19m~                                                                                                                                                              [38;2;60;60;60m[48;2;60;60;60m
[38;2;10;10;10m[48;2;77;79;81m                                       [38;2;46;46;46m[48;2;85;85;85m│[38;2;19;19;19m~                                                                                                                                                              [38;2;60;60;60m[48;2;60;60;60m
[38;2;10;10;10m[48;2;77;79;81m                                       [38;2;46;46;46m[48;2;85;85;85m│[38;2;19;19;19m~                                                                                                                                                              [38;2;60;60;60m[48;2;60;60;60m
[38;2;10;10;10m[48;2;77;79;81m                                       [38;2;46;46;46m[48;2;85;85;85m│[38;2;19;19;19m~                                                                                                                                                              [38;2;60;60;60m[48;2;60;60;60m
[38;2;10;10;10m[48;2;77;79;81m                                       [38;2;46;46;46m[48;2;85;85;85m│[38;2;19;19;19m~                                                                                                                                                              [38;2;60;60;60m[48;2;60;60;60m
[38;2;10;10;10m[48;2;77;79;81m                                       [38;2;46;46;46m[48;2;85;85;85m│[38;2;19;19;19m~                                                                                                                                                              [38;2;60;60;60m[48;2;60;60;60m
[38;2;10;10;10m[48;2;77;79;81m                                       [38;2;46;46;46m[48;2;85;85;85m│[38;2;19;19;19m~                                                                                                                                                              [38;2;60;60;60m[48;2;60;60;60m
[38;2;10;10;10m[48;2;77;79;81m                                       [38;2;46;46;46m[48;2;85;85;85m│[38;2;19;19;19m~                                                                                                                                                              [38;2;60;60;60m[48;2;60;60;60m
[38;2;10;10;10m[48;2;77;79;81m                                       [38;2;46;46;46m[48;2;85;85;85m│[38;2;19;19;19m~                                                                                                                                                              [38;2;60;60;60m[48;2;60;60;60m
[38;2;10;10;10m[48;2;77;79;81m                                       [38;2;46;46;46m[48;2;85;85;85m│[38;2;70;130;180m[48;2;232;238;245m┌[1m[38;2;140;140;140m Add Machine [0m[38;2;70;130;180m[48;2;232;238;245m──────────────────────────────────────────────────────────────────────────────────────────────────────[×]┐[38;2;19;19;19m[48;2;85;85;85m                                       [38;2;60;60;60m[48;2;60;60;60m
[38;2;10;10;10m[48;2;77;79;81m                                       [38;2;46;46;46m[48;2;85;85;85m│[38;2;70;130;180m[48;2;232;238;245m│[38;2;30;30;30m             Kind: [1m[38;2;0;0;180m(•)[0m[38;2;30;30;30m[48;2;232;238;245m SSH   ( ) Kubernetes[38;2;70;130;180m                                                                           │[38;2;19;19;19m[48;2;85;85;85m                                       [38;2;60;60;60m[48;2;60;60;60m
[38;2;10;10;10m[48;2;77;79;81m                                       [38;2;46;46;46m[48;2;85;85;85m│[38;2;70;130;180m[48;2;232;238;245m│                                                                                                                      │[38;2;19;19;19m[48;2;85;85;85m                                       [38;2;60;60;60m[48;2;60;60;60m
[38;2;10;10;10m[48;2;77;79;81m                                       [38;2;46;46;46m[48;2;85;85;85m│[38;2;70;130;180m[48;2;232;238;245m│[38;2;30;30;30m             Host: [testbox     [38;2;0;0;180m▼][38;2;70;130;180m                                                                                    │[38;2;19;19;19m[48;2;85;85;85m                                       [38;2;60;60;60m[48;2;60;60;60m
[38;2;10;10;10m[48;2;77;79;81m                                       [38;2;46;46;46m[48;2;85;85;85m│[38;2;70;130;180m[48;2;232;238;245m│[38;2;30;30;30m                   [3m[38;2;160;160;160m↳ noam@127.0.0.1:2222[0m[38;2;70;130;180m[48;2;232;238;245m                                                                              │[38;2;19;19;19m[48;2;85;85;85m                                       [38;2;60;60;60m[48;2;60;60;60m
[38;2;10;10;10m[48;2;77;79;81m                                       [38;2;46;46;46m[48;2;85;85;85m│[38;2;70;130;180m[48;2;232;238;245m│[38;2;30;30;30m▸            Name: [1m[38;2;0;0;0m[48;2;209;226;243m[[0m[38;2;30;30;30m[48;2;245;245;245mtestbox                                                                                          [1m[38;2;0;0;0m[48;2;209;226;243m][0m[38;2;70;130;180m[48;2;232;238;245m│[38;2;19;19;19m[48;2;85;85;85m                                       [38;2;60;60;60m[48;2;60;60;60m
[38;2;10;10;10m[48;2;77;79;81m                                       [38;2;46;46;46m[48;2;85;85;85m│[38;2;70;130;180m[48;2;232;238;245m│[38;2;30;30;30m           Target: [48;2;245;245;245m[testbox                                                                                          ][38;2;70;130;180m[48;2;232;238;245m│[38;2;19;19;19m[48;2;85;85;85m                                       [38;2;60;60;60m[48;2;60;60;60m
[38;2;10;10;10m[48;2;77;79;81m                                       [38;2;46;46;46m[48;2;85;85;85m│[38;2;70;130;180m[48;2;232;238;245m│[38;2;30;30;30m                   [3m[38;2;160;160;160m↳ user@host:port · or paste ssh://host/path[0m[38;2;70;130;180m[48;2;232;238;245m                                                        │[38;2;19;19;19m[48;2;85;85;85m                                       [38;2;60;60;60m[48;2;60;60;60m
[38;2;10;10;10m[48;2;77;79;81m                                       [38;2;46;46;46m[48;2;85;85;85m│[38;2;70;130;180m[48;2;232;238;245m│[38;2;30;30;30m    Identity file: [48;2;245;245;245m[[3m[38;2;200;200;200m~/.ssh/id_ed25519                                                                                [0m[38;2;30;30;30m[48;2;245;245;245m][38;2;70;130;180m[48;2;232;238;245m│[38;2;19;19;19m[48;2;85;85;85m                                       [38;2;60;60;60m[48;2;60;60;60m
[38;2;10;10;10m[48;2;77;79;81m                                       [38;2;46;46;46m[48;2;85;85;85m│[38;2;70;130;180m[48;2;232;238;245m│[38;2;30;30;30m      SSH options: [48;2;245;245;245m[[3m[38;2;200;200;200m-J jump-host  ·  -o ProxyCommand=…                                                               [0m[38;2;30;30;30m[48;2;245;245;245m][38;2;70;130;180m[48;2;232;238;245m│[38;2;19;19;19m[48;2;85;85;85m                                       [38;2;60;60;60m[48;2;60;60;60m
[38;2;10;10;10m[48;2;77;79;81m                                       [38;2;46;46;46m[48;2;85;85;85m│[38;2;70;130;180m[48;2;232;238;245m│[38;2;30;30;30m     Default path: [48;2;245;245;245m[[3m[38;2;200;200;200m/srv                                                                                             [0m[38;2;30;30;30m[48;2;245;245;245m][38;2;70;130;180m[48;2;232;238;245m│[38;2;19;19;19m[48;2;85;85;85m                                       [38;2;60;60;60m[48;2;60;60;60m
[38;2;10;10;10m[48;2;77;79;81m                                       [38;2;46;46;46m[48;2;85;85;85m│[38;2;70;130;180m[48;2;232;238;245m│                                                                                                                      │[38;2;19;19;19m[48;2;85;85;85m                                       [38;2;60;60;60m[48;2;60;60;60m
[38;2;10;10;10m[48;2;77;79;81m                                       [38;2;46;46;46m[48;2;85;85;85m│[38;2;70;130;180m[48;2;232;238;245m│                                                                                                                      │[38;2;19;19;19m[48;2;85;85;85m                                       [38;2;60;60;60m[48;2;60;60;60m
[38;2;10;10;10m[48;2;77;79;81m                                       [38;2;46;46;46m[48;2;85;85;85m│[38;2;70;130;180m[48;2;232;238;245m│[1m[38;2;0;0;180m  [ Save ][0m[38;2;30;30;30m[48;2;232;238;245m  [3m[38;2;160;160;160m^⏎[0m[38;2;70;130;180m[48;2;232;238;245m  [38;2;30;30;30m  [ Test connection ]  [3m[38;2;160;160;160m^T[0m[38;2;70;130;180m[48;2;232;238;245m  [1m[38;2;180;0;0m  [ Cancel ][0m[38;2;30;30;30m[48;2;232;238;245m  [3m[38;2;160;160;160mEsc[0m[38;2;70;130;180m[48;2;232;238;245m                                                          │[38;2;19;19;19m[48;2;85;85;85m                                       [38;2;60;60;60m[48;2;60;60;60m
[38;2;10;10;10m[48;2;77;79;81m                                       [38;2;46;46;46m[48;2;85;85;85m│[38;2;70;130;180m[48;2;232;238;245m└──────────────────────────────────────────────────────────────────────────────────────────────────────────────────────┘[38;2;19;19;19m[48;2;85;85;85m                                       [38;2;60;60;60m[48;2;60;60;60m
[38;2;10;10;10m[48;2;77;79;81m                                       [38;2;46;46;46m[48;2;85;85;85m│[38;2;19;19;19m~                                                                                                                                                              [38;2;60;60;60m[48;2;60;60;60m
[38;2;10;10;10m[48;2;77;79;81m                                       [38;2;46;46;46m[48;2;85;85;85m│[38;2;19;19;19m~                                                                                                                                                              [38;2;60;60;60m[48;2;60;60;60m
[38;2;10;10;10m[48;2;77;79;81m                                       [38;2;46;46;46m[48;2;85;85;85m│[38;2;19;19;19m~                                                                                                                                                              [38;2;60;60;60m[48;2;60;60;60m
[38;2;10;10;10m[48;2;77;79;81m                                       [38;2;46;46;46m[48;2;85;85;85m│[38;2;19;19;19m~                                                                                                                                                              [38;2;60;60;60m[48;2;60;60;60m
[38;2;10;10;10m[48;2;77;79;81m                                       [38;2;46;46;46m[48;2;85;85;85m│[38;2;19;19;19m~                                                                                                                                                              [38;2;60;60;60m[48;2;60;60;60m
[38;2;10;10;10m[48;2;77;79;81m                                       [38;2;46;46;46m[48;2;85;85;85m│[38;2;19;19;19m~                                                                                                                                                              [38;2;60;60;60m[48;2;60;60;60m
[38;2;10;10;10m[48;2;77;79;81m                                       [38;2;46;46;46m[48;2;85;85;85m│[38;2;19;19;19m~                                                                                                                                                              [38;2;60;60;60m[48;2;60;60;60m
[38;2;10;10;10m[48;2;77;79;81m                                       [38;2;46;46;46m[48;2;85;85;85m│[38;2;19;19;19m~                                                                                                                                                              [38;2;60;60;60m[48;2;60;60;60m
[38;2;10;10;10m[48;2;77;79;81m                                       [38;2;46;46;46m[48;2;85;85;85m│[38;2;19;19;19m~                                                                                                                                                              [38;2;60;60;60m[48;2;60;60;60m
[38;2;10;10;10m[48;2;77;79;81m                                       [38;2;46;46;46m[48;2;85;85;85m│[38;2;19;19;19m~                                                                                                                                                              [38;2;60;60;60m[48;2;60;60;60m
[38;2;10;10;10m[48;2;77;79;81m                                       [38;2;46;46;46m[48;2;85;85;85m│[38;2;19;19;19m~                                                                                                                                                              [38;2;60;60;60m[48;2;60;60;60m
[38;2;10;10;10m[48;2;77;79;81m                                       [38;2;46;46;46m[48;2;85;85;85m│[38;2;19;19;19m~                                                                                                                                                              [38;2;60;60;60m[48;2;60;60;60m
[38;2;10;10;10m[48;2;77;79;81m                                       [38;2;46;46;46m[48;2;85;85;85m│[38;2;19;19;19m~                                                                                                                                                              [38;2;60;60;60m[48;2;60;60;60m
[38;2;10;10;10m[48;2;77;79;81m                                       [38;2;46;46;46m[48;2;85;85;85m│[38;2;19;19;19m~                                                                                                                                                              [38;2;60;60;60m[48;2;60;60;60m
[38;2;10;10;10m[48;2;77;79;81m                                       [38;2;46;46;46m[48;2;85;85;85m│[38;2;19;19;19m~                                                                                                                                                              [38;2;60;60;60m[48;2;60;60;60m
[38;2;10;10;10m[48;2;77;79;81m                                       [38;2;46;46;46m[48;2;85;85;85m│[38;2;19;19;19m~                                                                                                                                                              [38;2;60;60;60m[48;2;60;60;60m
[38;2;10;10;10m[48;2;77;79;81m                                       [38;2;46;46;46m[48;2;85;85;85m│[38;2;60;60;60m[48;2;60;60;60m                                                                                                                                                               [2m[39m[49m
[0m[38;2;10;10;10m[48;2;77;79;81m                                       [38;2;46;46;46m[48;2;85;85;85m│[38;2;0;0;0m[48;2;73;73;73m 1:1                                                                                                                           LF  UTF-8  Text [38;2;85;85;85m[48;2;23;43;60m Palette: Ctrl+P
